49.37062937062937
149.09090909090907
144.75524475524475
149.09090909090907
144.75524475524475
131.74825174825173
136.08391608391608
140.41958041958043
166.4335664335664
166.4335664335664
118.74125874125875
136.08391608391608
123.07692307692307
118.74125874125875
339.86013986013984
370.2097902097902
361.53846153846155
387.5524475524475
374.5454545454545
417.90209790209786
495.9440559440559
452.5874125874126
404.8951048951049
469.9300699300699
517.6223776223776
417.90209790209786
422.2377622377622
500.2797202797202
430.9090909090909
469.9300699300699
469.9300699300699
465.59440559440554
439.5804195804195
426.57342657342656
465.59440559440554
456.9230769230769
396.22377622377616
513.2867132867133
521.9580419580419
487.2727272727272
474.26573426573424
474.26573426573424
504.6153846153845
600.0
556.6433566433566
227.13286713286712
144.75524475524475
192.44755244755245
188.11188811188808
157.76223776223773
192.44755244755245
188.11188811188808
144.75524475524475
183.77622377622376
175.1048951048951
153.4265734265734
209.79020979020976
183.77622377622376
123.07692307692307
144.75524475524475
157.76223776223773
144.75524475524475
270.48951048951045
348.5314685314685
417.90209790209786
508.95104895104885
435.2447552447552
560.9790209790209
508.95104895104885
508.95104895104885
491.60839160839157
521.9580419580419
534.965034965035
565.3146853146852
504.6153846153845
552.3076923076923
495.9440559440559
521.9580419580419
409.2307692307692
374.5454545454545
357.2027972027971
391.88811188811184
430.9090909090909
205.45454545454544
201.1188811188811
183.77622377622376
192.44755244755245
166.4335664335664
170.76923076923077
192.44755244755245
192.44755244755245
201.1188811188811
209.79020979020976
188.11188811188808
188.11188811188808
179.4405594405594
162.09790209790208
162.09790209790208
196.78321678321677
201.1188811188811
175.1048951048951
183.77622377622376
175.1048951048951
153.4265734265734
175.1048951048951
149.09090909090907
196.78321678321677
188.11188811188808
179.4405594405594
157.76223776223773
183.77622377622376
196.78321678321677
201.1188811188811
183.77622377622376
192.44755244755245
192.44755244755245
192.44755244755245
179.4405594405594
192.44755244755245
188.11188811188808
214.12587412587413
201.1188811188811
192.44755244755245
179.4405594405594
196.78321678321677
201.1188811188811
205.45454545454544
209.79020979020976
196.78321678321677
201.1188811188811
201.1188811188811
209.79020979020976
201.1188811188811
209.79020979020976
214.12587412587413
201.1188811188811
192.44755244755245
201.1188811188811
201.1188811188811
166.4335664335664
201.1188811188811
205.45454545454544
214.12587412587413
192.44755244755245
218.46153846153845
214.12587412587413
227.13286713286712
218.46153846153845
205.45454545454544
201.1188811188811
231.46853146853144
218.46153846153845
214.12587412587413
231.46853146853144
209.79020979020976
235.80419580419579
227.13286713286712
196.78321678321677
201.1188811188811
214.12587412587413
227.13286713286712
235.80419580419579
214.12587412587413
201.1188811188811
201.1188811188811
222.79720279720277
201.1188811188811
227.13286713286712
214.12587412587413
214.12587412587413
188.11188811188808
231.46853146853144
218.46153846153845
222.79720279720277
227.13286713286712
192.44755244755245
218.46153846153845
205.45454545454544
214.12587412587413
227.13286713286712
231.46853146853144
227.13286713286712
222.79720279720277
214.12587412587413
231.46853146853144
222.79720279720277
214.12587412587413
222.79720279720277
218.46153846153845
205.45454545454544
235.80419580419579
218.46153846153845
214.12587412587413
179.4405594405594
188.11188811188808
209.79020979020976
209.79020979020976
214.12587412587413
205.45454545454544
192.44755244755245
188.11188811188808
196.78321678321677
192.44755244755245
214.12587412587413
192.44755244755245
196.78321678321677
192.44755244755245
196.78321678321677
192.44755244755245
201.1188811188811
209.79020979020976
231.46853146853144
201.1188811188811
192.44755244755245
175.1048951048951
205.45454545454544
205.45454545454544
209.79020979020976
214.12587412587413
201.1188811188811
214.12587412587413
222.79720279720277
218.46153846153845
227.13286713286712
201.1188811188811
162.09790209790208
205.45454545454544
218.46153846153845
218.46153846153845
214.12587412587413
205.45454545454544
214.12587412587413
196.78321678321677
218.46153846153845
222.79720279720277
222.79720279720277
227.13286713286712
214.12587412587413
196.78321678321677
218.46153846153845
240.1398601398601
231.46853146853144
231.46853146853144
201.1188811188811
118.74125874125875
452.5874125874126
396.22377622377616
114.4055944055944
170.76923076923077
292.16783216783216
205.45454545454544
231.46853146853144
248.8111888111888
279.16083916083915
261.8181818181818
309.5104895104895
166.4335664335664
235.80419580419579
188.11188811188808
383.2167832167832
279.16083916083915
461.2587412587412
331.18881118881114
430.9090909090909
448.25174825174827
344.19580419580416
383.2167832167832
513.2867132867133
378.8811188811188
435.2447552447552
387.5524475524475
279.16083916083915
127.41258741258738
19.02097902097902
0.0
0.0
0.0
0.0
0.0
0.0
201.1188811188811
400.5594405594405
352.8671328671328
344.19580419580416
331.18881118881114
387.5524475524475
222.79720279720277
309.5104895104895
344.19580419580416
270.48951048951045
214.12587412587413
175.1048951048951
105.73426573426572
123.07692307692307
153.4265734265734
309.5104895104895
279.16083916083915
248.8111888111888
270.48951048951045
361.53846153846155
318.18181818181813
279.16083916083915
196.78321678321677
218.46153846153845
153.4265734265734
175.1048951048951
205.45454545454544
222.79720279720277
396.22377622377616
326.8531468531468
279.16083916083915
227.13286713286712
131.74825174825173
118.74125874125875
75.38461538461539
101.39860139860139
114.4055944055944
97.06293706293707
162.09790209790208
97.06293706293707
149.09090909090907
0.0
0.0
0.0
0.0
6.01398601398601
149.09090909090907
144.75524475524475
92.72727272727272
58.04195804195804
62.37762237762237
27.692307692307693
0.0
0.0
0.0
0.0
101.39860139860139
118.74125874125875
153.4265734265734
270.48951048951045
227.13286713286712
253.14685314685312
326.8531468531468
318.18181818181813
357.2027972027971
326.8531468531468
335.52447552447546
383.2167832167832
378.8811188811188
339.86013986013984
296.5034965034965
348.5314685314685
305.1748251748252
318.18181818181813
409.2307692307692
296.5034965034965
409.2307692307692
383.2167832167832
335.52447552447546
378.8811188811188
461.2587412587412
404.8951048951049
443.91608391608383
387.5524475524475
261.8181818181818
335.52447552447546
361.53846153846155
196.78321678321677
391.88811188811184
326.8531468531468
370.2097902097902
335.52447552447546
378.8811188811188
452.5874125874126
339.86013986013984
274.82517482517477
261.8181818181818
231.46853146853144
287.8321678321678
287.8321678321678
422.2377622377622
443.91608391608383
244.47552447552442
240.1398601398601
231.46853146853144
296.5034965034965
318.18181818181813
400.5594405594405
383.2167832167832
404.8951048951049
326.8531468531468
157.76223776223773
179.4405594405594
175.1048951048951
196.78321678321677
166.4335664335664
344.19580419580416
400.5594405594405
400.5594405594405
270.48951048951045
101.39860139860139
101.39860139860139
105.73426573426572
127.41258741258738
123.07692307692307
318.18181818181813
253.14685314685312
257.4825174825175
344.19580419580416
97.06293706293707
526.2937062937062
344.19580419580416
292.16783216783216
305.1748251748252
300.83916083916085
430.9090909090909
348.5314685314685
478.60139860139856
283.49650349650346
309.5104895104895
153.4265734265734
136.08391608391608
157.76223776223773
131.74825174825173
222.79720279720277
326.8531468531468
361.53846153846155
383.2167832167832
504.6153846153845
552.3076923076923
435.2447552447552
491.60839160839157
530.6293706293706
352.8671328671328
396.22377622377616
287.8321678321678
344.19580419580416
378.8811188811188
344.19580419580416
331.18881118881114
370.2097902097902
361.53846153846155
370.2097902097902
348.5314685314685
422.2377622377622
387.5524475524475
430.9090909090909
404.8951048951049
378.8811188811188
409.2307692307692
391.88811188811184
409.2307692307692
396.22377622377616
413.56643356643355
409.2307692307692
417.90209790209786
430.9090909090909
422.2377622377622
465.59440559440554
413.56643356643355
435.2447552447552
469.9300699300699
357.2027972027971
0.0
0.0
0.0
0.0
0.0
0.0
0.0
0.0
0.0
0.0
0.0
0.0
0.0
0.0
0.0
0.0
0.0
0.0
0.0
0.0
0.0
0.0
0.0
0.0
0.0
0.0
0.0
0.0
0.0
0.0
0.0
0.0
0.0
0.0
0.0
0.0
0.0
0.0
0.0
0.0
0.0
0.0
0.0
0.0
0.0
0.0
0.0
0.0
0.0
0.0
0.0
0.0
0.0
0.0
0.0
0.0
0.0
0.0
0.0
0.0
0.0
0.0
0.0
0.0
0.0
0.0
0.0
0.0
0.0
0.0
0.0
0.0
0.0
0.0
0.0
0.0
0.0
0.0
0.0
0.0
0.0
0.0
0.0
0.0
0.0
0.0
0.0
0.0
0.0
0.0
0.0
0.0
0.0
0.0
0.0
0.0
0.0
0.0
0.0
0.0
0.0
0.0
0.0
0.0
0.0
0.0
0.0
0.0
0.0
0.0
0.0
0.0
0.0
10.349650349650346
0.0
0.0
0.0
0.0
0.0
0.0
0.0
0.0
0.0
0.0
0.0
0.0
0.0
0.0
0.0
0.0
0.0
0.0
0.0
0.0
0.0
0.0
0.0
0.0
0.0
0.0
0.0
0.0
0.0
0.0
0.0
0.0
0.0
0.0
0.0
0.0
0.0
0.0
0.0
0.0
0.0
0.0
0.0
0.0
0.0
0.0
0.0
0.0
0.0
0.0
0.0
0.0
0.0
0.0
0.0
0.0
0.0
0.0
0.0
0.0
0.0
0.0
0.0
0.0
0.0
0.0
0.0
0.0
0.0
0.0
0.0
0.0
0.0
0.0
0.0
0.0
0.0
0.0
0.0
0.0
0.0
0.0
0.0
0.0
0.0
0.0
0.0
0.0
0.0
0.0
0.0
0.0
0.0
0.0
0.0
0.0
0.0
0.0
0.0
0.0
0.0
0.0
0.0
0.0
0.0
0.0
10.349650349650346
0.0
0.0
0.0
0.0
0.0
0.0
0.0
0.0
0.0
0.0
0.0
0.0
0.0
0.0
0.0
0.0
0.0
0.0
14.685314685314687
6.01398601398601
6.01398601398601
0.0
0.0
0.0
0.0
0.0
0.0
0.0
0.0
0.0
0.0
0.0
0.0
0.0
0.0
0.0
