191.15942028985506
222.6086956521739
195.65217391304347
177.68115942028984
119.27536231884056
128.26086956521738
245.07246376811594
339.42028985507244
307.97101449275357
334.92753623188406
321.4492753623188
276.52173913043475
276.52173913043475
281.0144927536232
321.4492753623188
303.4782608695652
222.6086956521739
231.5942028985507
245.07246376811594
379.8550724637681
420.28985507246375
402.3188405797101
433.76811594202894
469.7101449275362
424.7826086956522
397.82608695652175
298.98550724637676
227.1014492753623
254.0579710144927
330.4347826086956
325.94202898550725
267.53623188405794
231.5942028985507
263.04347826086956
231.5942028985507
236.08695652173913
173.18840579710144
195.65217391304347
186.66666666666663
186.66666666666663
128.26086956521738
128.26086956521738
254.0579710144927
218.11594202898547
123.76811594202897
155.2173913043478
164.2028985507246
191.15942028985506
150.7246376811594
132.75362318840578
110.28985507246375
150.7246376811594
182.17391304347825
222.6086956521739
231.5942028985507
123.76811594202897
110.28985507246375
146.231884057971
132.75362318840578
92.31884057971014
69.85507246376811
47.39130434782608
74.34782608695652
78.84057971014492
110.28985507246375
114.78260869565216
114.78260869565216
74.34782608695652
60.8695652173913
87.82608695652173
83.33333333333331
60.8695652173913
33.91304347826087
11.449275362318836
6.956521739130434
0.0
0.0
0.0
0.0
0.0
0.0
0.0
11.449275362318836
0.0
0.0
0.0
11.449275362318836
38.405797101449274
74.34782608695652
83.33333333333331
83.33333333333331
0.0
0.0
0.0
0.0
0.0
0.0
0.0
0.0
0.0
0.0
0.0
0.0
0.0
0.0
0.0
0.0
38.405797101449274
65.3623188405797
69.85507246376811
56.37681159420289
65.3623188405797
47.39130434782608
47.39130434782608
38.405797101449274
33.91304347826087
29.42028985507246
24.927536231884055
33.91304347826087
0.0
6.956521739130434
0.0
11.449275362318836
0.0
0.0
0.0
0.0
0.0
0.0
0.0
11.449275362318836
11.449275362318836
0.0
0.0
0.0
20.43478260869565
20.43478260869565
38.405797101449274
96.81159420289855
119.27536231884056
83.33333333333331
182.17391304347825
159.71014492753622
128.26086956521738
137.2463768115942
119.27536231884056
78.84057971014492
78.84057971014492
47.39130434782608
20.43478260869565
0.0
6.956521739130434
0.0
0.0
24.927536231884055
150.7246376811594
285.50724637681157
307.97101449275357
254.0579710144927
361.88405797101444
312.463768115942
290.0
469.7101449275362
478.695652173913
501.159420289855
487.6811594202899
429.27536231884056
474.2028985507246
469.7101449275362
478.695652173913
366.3768115942029
402.3188405797101
348.4057971014492
316.95652173913044
339.42028985507244
325.94202898550725
285.50724637681157
298.98550724637676
361.88405797101444
384.3478260869565
348.4057971014492
343.9130434782608
258.5507246376811
276.52173913043475
402.3188405797101
474.2028985507246
420.28985507246375
433.76811594202894
420.28985507246375
330.4347826086956
321.4492753623188
298.98550724637676
267.53623188405794
258.5507246376811
195.65217391304347
132.75362318840578
231.5942028985507
245.07246376811594
240.5797101449275
159.71014492753622
110.28985507246375
105.79710144927535
155.2173913043478
114.78260869565216
123.76811594202897
92.31884057971014
60.8695652173913
38.405797101449274
33.91304347826087
24.927536231884055
24.927536231884055
51.884057971014485
24.927536231884055
47.39130434782608
92.31884057971014
60.8695652173913
105.79710144927535
92.31884057971014
47.39130434782608
33.91304347826087
42.89855072463767
56.37681159420289
60.8695652173913
29.42028985507246
0.0
38.405797101449274
92.31884057971014
56.37681159420289
78.84057971014492
78.84057971014492
29.42028985507246
51.884057971014485
60.8695652173913
51.884057971014485
38.405797101449274
2.4637681159420275
0.0
0.0
29.42028985507246
38.405797101449274
29.42028985507246
24.927536231884055
6.956521739130434
2.4637681159420275
15.942028985507243
24.927536231884055
11.449275362318836
0.0
0.0
11.449275362318836
38.405797101449274
29.42028985507246
29.42028985507246
6.956521739130434
6.956521739130434
0.0
0.0
0.0
0.0
0.0
0.0
0.0
0.0
0.0
0.0
0.0
0.0
0.0
0.0
0.0
0.0
6.956521739130434
0.0
60.8695652173913
56.37681159420289
65.3623188405797
83.33333333333331
105.79710144927535
83.33333333333331
101.30434782608695
101.30434782608695
87.82608695652173
78.84057971014492
60.8695652173913
51.884057971014485
83.33333333333331
155.2173913043478
155.2173913043478
114.78260869565216
92.31884057971014
83.33333333333331
78.84057971014492
110.28985507246375
123.76811594202897
78.84057971014492
78.84057971014492
263.04347826086956
469.7101449275362
496.66666666666663
492.17391304347825
510.1449275362319
433.76811594202894
456.23188405797094
370.86956521739125
379.8550724637681
316.95652173913044
307.97101449275357
307.97101449275357
451.73913043478257
433.76811594202894
406.8115942028985
312.463768115942
339.42028985507244
379.8550724637681
339.42028985507244
366.3768115942029
420.28985507246375
352.8985507246377
379.8550724637681
402.3188405797101
361.88405797101444
388.8405797101449
307.97101449275357
298.98550724637676
334.92753623188406
263.04347826086956
195.65217391304347
177.68115942028984
240.5797101449275
258.5507246376811
339.42028985507244
330.4347826086956
303.4782608695652
339.42028985507244
370.86956521739125
307.97101449275357
312.463768115942
281.0144927536232
240.5797101449275
155.2173913043478
155.2173913043478
137.2463768115942
155.2173913043478
177.68115942028984
155.2173913043478
186.66666666666663
249.56521739130432
236.08695652173913
222.6086956521739
173.18840579710144
123.76811594202897
141.7391304347826
92.31884057971014
105.79710144927535
69.85507246376811
69.85507246376811
60.8695652173913
60.8695652173913
69.85507246376811
51.884057971014485
78.84057971014492
65.3623188405797
101.30434782608695
123.76811594202897
92.31884057971014
128.26086956521738
105.79710144927535
87.82608695652173
74.34782608695652
74.34782608695652
78.84057971014492
74.34782608695652
83.33333333333331
69.85507246376811
65.3623188405797
42.89855072463767
78.84057971014492
83.33333333333331
114.78260869565216
123.76811594202897
105.79710144927535
137.2463768115942
128.26086956521738
110.28985507246375
105.79710144927535
78.84057971014492
78.84057971014492
119.27536231884056
110.28985507246375
96.81159420289855
87.82608695652173
69.85507246376811
92.31884057971014
56.37681159420289
56.37681159420289
65.3623188405797
47.39130434782608
33.91304347826087
56.37681159420289
69.85507246376811
69.85507246376811
47.39130434782608
56.37681159420289
78.84057971014492
69.85507246376811
47.39130434782608
42.89855072463767
56.37681159420289
92.31884057971014
110.28985507246375
132.75362318840578
87.82608695652173
132.75362318840578
123.76811594202897
119.27536231884056
92.31884057971014
155.2173913043478
83.33333333333331
128.26086956521738
173.18840579710144
146.231884057971
105.79710144927535
105.79710144927535
105.79710144927535
137.2463768115942
128.26086956521738
83.33333333333331
56.37681159420289
33.91304347826087
65.3623188405797
47.39130434782608
92.31884057971014
141.7391304347826
128.26086956521738
195.65217391304347
231.5942028985507
200.14492753623188
424.7826086956522
505.6521739130434
519.1304347826086
600.0
546.0869565217391
528.1159420289854
469.7101449275362
366.3768115942029
388.8405797101449
402.3188405797101
375.3623188405797
352.8985507246377
294.4927536231884
303.4782608695652
285.50724637681157
254.0579710144927
182.17391304347825
141.7391304347826
105.79710144927535
155.2173913043478
325.94202898550725
420.28985507246375
447.2463768115942
478.695652173913
460.7246376811594
393.33333333333326
357.39130434782606
406.8115942028985
411.30434782608694
415.7971014492753
339.42028985507244
375.3623188405797
316.95652173913044
285.50724637681157
249.56521739130432
173.18840579710144
146.231884057971
137.2463768115942
132.75362318840578
141.7391304347826
168.69565217391303
155.2173913043478
110.28985507246375
177.68115942028984
159.71014492753622
123.76811594202897
105.79710144927535
74.34782608695652
101.30434782608695
47.39130434782608
38.405797101449274
51.884057971014485
56.37681159420289
24.927536231884055
38.405797101449274
60.8695652173913
33.91304347826087
24.927536231884055
29.42028985507246
38.405797101449274
38.405797101449274
20.43478260869565
11.449275362318836
0.0
0.0
0.0
0.0
24.927536231884055
6.956521739130434
15.942028985507243
33.91304347826087
74.34782608695652
137.2463768115942
164.2028985507246
128.26086956521738
128.26086956521738
173.18840579710144
155.2173913043478
168.69565217391303
132.75362318840578
146.231884057971
141.7391304347826
164.2028985507246
155.2173913043478
137.2463768115942
128.26086956521738
110.28985507246375
114.78260869565216
74.34782608695652
105.79710144927535
83.33333333333331
110.28985507246375
137.2463768115942
114.78260869565216
155.2173913043478
114.78260869565216
105.79710144927535
92.31884057971014
87.82608695652173
69.85507246376811
101.30434782608695
101.30434782608695
83.33333333333331
87.82608695652173
65.3623188405797
56.37681159420289
33.91304347826087
29.42028985507246
33.91304347826087
38.405797101449274
69.85507246376811
74.34782608695652
69.85507246376811
69.85507246376811
105.79710144927535
128.26086956521738
65.3623188405797
69.85507246376811
101.30434782608695
128.26086956521738
110.28985507246375
128.26086956521738
92.31884057971014
105.79710144927535
137.2463768115942
236.08695652173913
267.53623188405794
339.42028985507244
388.8405797101449
357.39130434782606
307.97101449275357
307.97101449275357
285.50724637681157
245.07246376811594
312.463768115942
325.94202898550725
294.4927536231884
254.0579710144927
231.5942028985507
236.08695652173913
204.63768115942028
182.17391304347825
186.66666666666663
173.18840579710144
272.0289855072464
442.7536231884058
514.6376811594203
411.30434782608694
429.27536231884056
379.8550724637681
411.30434782608694
321.4492753623188
393.33333333333326
379.8550724637681
397.82608695652175
348.4057971014492
334.92753623188406
245.07246376811594
272.0289855072464
307.97101449275357
361.88405797101444
348.4057971014492
357.39130434782606
334.92753623188406
361.88405797101444
357.39130434782606
388.8405797101449
370.86956521739125
316.95652173913044
330.4347826086956
276.52173913043475
267.53623188405794
298.98550724637676
258.5507246376811
200.14492753623188
186.66666666666663
150.7246376811594
123.76811594202897
78.84057971014492
51.884057971014485
96.81159420289855
83.33333333333331
56.37681159420289
65.3623188405797
38.405797101449274
69.85507246376811
65.3623188405797
83.33333333333331
119.27536231884056
110.28985507246375
87.82608695652173
56.37681159420289
56.37681159420289
51.884057971014485
51.884057971014485
33.91304347826087
33.91304347826087
2.4637681159420275
0.0
24.927536231884055
29.42028985507246
11.449275362318836
0.0
0.0
0.0
2.4637681159420275
15.942028985507243
2.4637681159420275
0.0
0.0
24.927536231884055
11.449275362318836
33.91304347826087
0.0
2.4637681159420275
6.956521739130434
0.0
0.0
0.0
6.956521739130434
20.43478260869565
0.0
0.0
0.0
0.0
0.0
0.0
33.91304347826087
74.34782608695652
92.31884057971014
29.42028985507246
42.89855072463767
65.3623188405797
29.42028985507246
20.43478260869565
0.0
0.0
0.0
6.956521739130434
38.405797101449274
47.39130434782608
42.89855072463767
47.39130434782608
20.43478260869565
29.42028985507246
47.39130434782608
42.89855072463767
33.91304347826087
42.89855072463767
29.42028985507246
29.42028985507246
33.91304347826087
29.42028985507246
11.449275362318836
0.0
11.449275362318836
15.942028985507243
0.0
0.0
11.449275362318836
0.0
11.449275362318836
33.91304347826087
11.449275362318836
2.4637681159420275
20.43478260869565
0.0
11.449275362318836
0.0
33.91304347826087
56.37681159420289
51.884057971014485
24.927536231884055
33.91304347826087
101.30434782608695
83.33333333333331
69.85507246376811
42.89855072463767
47.39130434782608
33.91304347826087
60.8695652173913
33.91304347826087
42.89855072463767
