0
0
0
0
0
0
0
0
0
0
0
0.0
25.866819655516757
8.698827946765416
0.0
0.0
7.849097619082438
6.7797499727453925
9.699193951646263
0.4111463323035258
29.00449153155683
11.842555393660538
0.0
0
0
0
0
0
0
0.0
2.7661533138405194
3.6924529698577544
17.515877517362867
67.84285763631847
146.15043864732658
36.301608774494795
81.23442821159966
80.70527287600255
150.19634264578693
155.2291606159614
9.51982430286741
5.534391429202278
19.728939894759073
16.736005505854994
0.0
0
0
0
0
0
0
0
0
0
0
0
0
0
0
0
0
0.0
8.046030176600429
9.888421807836181
0.0
0
0
0
0
0
0
0
0
0
0
0.0
41.8358137775938
0.2805225129182228
0.0
0
0
0
0
0
0
0
0
0
0
0
0
0.0
1.3741793274066043
7.945956805122934
0.0
0.0
10.216814608812768
2.9288356433819045
0.0
0
0
0
0
0
0
0
0
0
0
0
0
0
0
0
0
0
0
0
0
0
0
0
0
0
0
0
0
0.0
45.25367933236978
53.331350310200925
3.6765085622468434
3.0055983413985783
0.0
0
0
0
0
0
0
0
0
0
0
0
0
0
0
0
0
0
0
0
0
0
0
0
0
0
0
0
0
0
0
0
0
0
0
0
0
0.0
4.293517422157157
3.7304364232663496
0.0
0.0
0.07528214599975044
2.7386198322651087
37.05498881151207
47.07823254575455
0.0
0
0
0.0
7.299946075505322
4.152061254954261
5.998502900069308
8.160752101581684
50.81605856443099
18.000387737263026
0.0
0
0
0
0
0.0
2.3019995379389937
5.672216327971116
6.74938114451676
6.635648326928696
14.90293448774543
8.647655471034582
23.958842971329116
16.643892363969087
0.0
0.0
8.410473641350501
8.005173430439907
6.281152946766367
1.2910302517424017
0.0
0
0
0
0
0
0
0
0
0.0
45.95054763910214
292.05302906211296
0.0
0
0
0
0
0
0
0.0
21.944977283172854
14.994145103524863
0.0
0
0
0
0
0
0
0
0
0
0
0
0
0.0
8.648721833216234
23.553973879848133
82.37216077181996
52.10394688620649
61.9926537024327
36.27959155269346
50.93466254680834
9.941069584669423
48.18302330399901
41.0347882993829
0.0
0
0
0
0
0
0
0
0
0
0
0
0
0
0
0
0
0.0
4.421879442714555
5.893714743118318
0.0
0
0
0
0
0
0
0.0
64.75946050738185
86.23123215895937
0.5254278488012794
18.370746299593378
0.0
0.0
70.7315117504371
61.99377575627557
0.0
0
0
0
0
0
0
0
0
0
0
0
0
0
0
0.0
23.7158008425334
5.8431329349465075
4.738099156328455
4.777871725511329
0.0
0
0
0.0
38.12982158830186
15.327346895999685
0.0
0
0
0
0
0
0
0
0
0
0
0
0
0
0
0
0
0.0
15.203111330930534
16.156200799269257
0.0
0.0
98.66808329720106
118.70260642162823
104.05499528066184
33.080093961560614
0.0
0.0
21.47590026717863
132.7892432852438
7.196719468682527
6.9581150033884684
0.0
0
0
0
0
0
0
0
0
0
0
0
0
0
0
0
0
0.0
6.791311781857959
9.29164733123127
35.05843148551107
32.66264004702213
0.0
0.0
15.588258326979892
100.75894094011366
24.684493867027186
31.648076590693517
17.057658422988084
24.46296468788519
0.0
0.0
6.4513918292887045
3.675207857029604
0.0
0
0
0
0
0.0
5.657741471364595
20.897207598848237
24.725241345234394
84.67897078938663
3.240018564327272
4.690645180717234
0.0
0
0
0
0
0
0
0
0
0
0
0.0
36.065103987670525
6.113271219883439
5.809228104709989
2.4258700880115587
0.0
0.0
3.0004649183374554
6.329978538737156
0.0
0.0
9.177768914358365
0.45777484117111505
0.0
0
0
0.0
2.220276938598096
7.321185205620384
0.0
0
0
0
0
0
0
0
0
0
0
0
0
0.0
2.1761281876317558
72.46087292102698
84.77261386262822
46.18666572782818
0.0
0.0
1.7482323485202234
5.153170123838609
36.56883780524031
27.05661834600055
71.22960834818379
63.03618476256731
18.71540197098964
132.40900445415292
35.35083138617072
53.36036222029161
191.30570402089572
297.55449095863634
148.27853336151568
63.20416186443956
82.14089800283718
69.18803956680632
0.0
0.0
26.75934270364383
41.32165618574468
0.0
0.0
27.64542706916559
15.134148626392463
302.33834046460413
161.00049560129392
0.0
0
0
0
0
0
0
0
0
0
0
0
0
0
0
0
0
0.0
93.61175145874438
10.334571066131911
0.0
0
0
0
0
0
0
0
0
0.0
3.67441209970065
7.480258306180321
0.0
0.0
8.148166201142862
5.498571465495012
0.0
0
0
0
0
0.0
361.63002289271634
363.064779504046
0.0
0.0
4.66447336625724
0.8840907076123333
4.131428975544295
9.130439750722555
0.0
0.0
172.952958254249
200.45283896521772
0.0
0.0
18.530688295320665
40.96103918092018
2.232831899481249
35.664599220520714
0.0
0
0
0
0
0
0
0.0
19.251921596268875
27.797952000255957
39.34932303381696
16.100873952794753
33.20423490823135
53.2127374558867
0.0
0.0
38.71599115636314
37.82940530573054
32.933017697479706
13.948752954521357
5.766164179315066
1.5231772221272244
19.98342555136633
10.040431314356297
0.0
0
0
0
0
0
0
0
0
0
0
0.0
4.2532887820251855
6.686926913679887
2.9335947989882603
3.0245960659838946
0.0
0
0
0
0
0.0
1.2214161215901236
8.448993282366118
14.86892452444799
5.597304613820386
6.01735758655796
2.5955340186336096
28.905254561178584
96.57084415506783
23.266955375318318
20.965930124984354
0.0
0
0
0
0
0
0
0
0
0
0
0
0
0
0
0
0
0
0
0
0
0.0
8.577521759183027
4.022851449767657
2.2696227538268614
2.415422544560127
0.0
0.0
43.57600190841178
17.66281523668361
35.2387710853435
36.097086789578235
0.0
0
0
0.0
59.45767495916557
58.197877251157784
3.027436124531772
1.6450679551693954
0.0
0
0
0
0
0
0
0
0
0
0
0
0
0.0
1.448310290330745
2.6295803681901275
0.0
0
0
0
0
0
0
0
0
0
0
0
0
0.0
27.555327683277525
31.600916452816993
71.4146640497858
44.64546773732863
0.0
0
0
0
0
0
0
0
0
0
0
0
0
0
0
0
0
0
0
0
0
0
0
0
0
0
0
0
0
0
0
0
0
0
0
0
0
0
0
0.0
2.090698526759423
3.2972695747281757
0.0
0
0
0
0
0
0
0
0
0
0
0.0
16.506161482087794
24.671048169650817
2.2958274091165034
9.354912098583526
0.0
0.0
