0.0
49.37062937062938
149.09090909090907
144.75524475524475
149.09090909090907
144.75524475524475
131.74825174825173
136.08391608391608
140.41958041958043
166.4335664335664
166.4335664335664
118.74125874125875
136.08391608391608
123.07692307692305
118.74125874125875
339.86013986013984
370.2097902097902
361.53846153846155
387.5524475524475
374.5454545454545
417.90209790209786
495.9440559440559
452.5874125874126
404.89510489510496
469.9300699300699
517.6223776223776
417.9020979020979
422.2377622377622
500.2797202797202
430.9090909090909
469.93006993006986
469.9300699300699
465.59440559440554
439.5804195804195
426.57342657342656
465.59440559440554
456.9230769230769
396.22377622377616
513.2867132867133
521.9580419580419
487.27272727272725
474.2657342657343
474.26573426573424
504.6153846153845
600.0
556.6433566433566
227.1328671328671
144.75524475524475
192.44755244755248
188.11188811188808
157.76223776223773
192.44755244755245
188.11188811188808
144.75524475524475
183.77622377622376
175.1048951048951
153.4265734265734
209.79020979020976
183.77622377622376
123.07692307692305
144.75524475524475
157.76223776223773
144.75524475524475
270.48951048951045
348.5314685314685
417.90209790209786
508.95104895104885
435.2447552447552
560.9790209790209
508.9510489510488
508.95104895104885
491.60839160839157
521.9580419580419
534.965034965035
565.3146853146852
504.6153846153845
552.3076923076923
495.9440559440559
521.9580419580419
409.23076923076917
374.5454545454545
357.2027972027971
391.88811188811184
430.9090909090909
205.45454545454544
201.1188811188811
183.77622377622376
192.44755244755245
166.4335664335664
170.76923076923077
192.44755244755245
192.44755244755245
201.1188811188811
209.79020979020976
188.11188811188808
188.11188811188808
179.4405594405594
162.09790209790208
162.09790209790208
196.78321678321677
201.1188811188811
175.1048951048951
183.77622377622376
175.1048951048951
153.4265734265734
175.1048951048951
149.09090909090907
196.78321678321677
188.11188811188808
179.4405594405594
157.76223776223773
183.77622377622376
196.78321678321677
201.1188811188811
183.77622377622376
192.44755244755245
192.44755244755245
192.44755244755245
179.4405594405594
192.44755244755245
188.11188811188808
214.12587412587413
201.1188811188811
192.44755244755245
179.4405594405594
196.78321678321677
201.1188811188811
205.45454545454544
209.79020979020976
196.78321678321677
201.1188811188811
201.1188811188811
209.79020979020976
201.1188811188811
209.79020979020976
214.12587412587413
201.1188811188811
192.44755244755245
201.1188811188811
201.1188811188811
166.4335664335664
201.11888111888112
205.45454545454544
214.12587412587413
192.44755244755245
218.46153846153845
214.12587412587413
227.13286713286712
218.46153846153845
205.45454545454544
201.1188811188811
231.46853146853144
218.46153846153845
214.12587412587413
231.4685314685314
209.79020979020976
235.8041958041958
227.13286713286712
196.78321678321677
201.1188811188811
214.12587412587413
227.13286713286712
235.80419580419579
214.12587412587413
201.1188811188811
201.1188811188811
222.79720279720277
201.1188811188811
227.13286713286712
214.12587412587413
214.12587412587413
188.11188811188808
231.46853146853144
218.46153846153845
222.79720279720277
229.67078447472196
197.49114177189716
221.7740809384856
209.9110299235357
214.12587412587413
227.13286713286712
231.46853146853144
227.13286713286712
222.79720279720277
214.12587412587413
231.46853146853144
222.79720279720277
214.12587412587413
222.79720279720277
218.46153846153845
205.45454545454544
235.80419580419579
218.46153846153845
214.12587412587413
179.4405594405594
188.11188811188808
209.79020979020976
209.79020979020976
214.12587412587413
205.45454545454544
192.44755244755245
188.11188811188808
196.78321678321677
192.44755244755245
214.12587412587413
192.44755244755245
196.78321678321677
197.02209969922717
201.07547412834546
197.020950612862
201.1188811188811
209.79020979020976
231.46853146853144
201.1188811188811
192.44755244755245
178.6354771017742
199.75845822454664
208.99884060954318
209.07281451039324
213.94611101857055
203.7385591753864
210.30128368090226
222.29779223478076
221.30032580477982
226.34603799144244
206.56851559016494
166.63414285150188
193.29785006852865
223.4885377958966
220.52663954861126
214.74887832138438
205.89379025845233
213.6219219857248
203.46269910455698
210.86238734207788
221.43007693024197
224.07491729002064
227.32114729569304
218.38751430977004
202.24982212860078
214.99893472877784
235.20632879597582
233.14235035502952
232.67158168194695
209.03340300493826
136.13906029247602
325.7330700417328
373.52111867397184
238.49132055664143
289.0286240308544
252.06043824779044
157.51443633349936
273.83986280692693
260.86131596370905
240.70232796761547
229.47056478026025
254.69282846700153
213.68340599525723
286.39241237316105
224.08244208749693
247.98749076622138
251.74543163638072
279.38763141886795
290.5612900121181
254.60111431366465
370.60137488515215
362.59464412212526
369.6033742932788
412.2957357605631
403.32006890949026
406.3791591246698
456.46667507238567
378.1763048323833
331.8414762274336
9.10732792981942
-39.86544793983429
-194.1104461674198
5.0418132971627925
1.9152081394503226
0.7234136711207865
0.27928431052652763
162.97593524282124
347.88816742948745
314.0957955471723
308.71984429173114
299.9020442881937
342.2862231757266
222.27288484377127
283.9810524976336
309.3462588405072
256.83691514672716
216.80057453787526
189.13219749186422
139.53824337003067
151.5498605361122
173.1300155847885
283.67804528903355
262.577017799506
241.22334937987023
256.6191684874637
321.4779934563409
291.0193806769999
263.44323828994345
205.41230996233307
220.67788355259373
174.8475766975266
190.03893366126545
211.40308082495767
223.60826614680343
345.0400928934539
296.8311195081977
263.6368297019153
227.48208459080814
161.07590642549633
151.4659361506682
120.42029062794452
137.71941853297724
146.93518865882317
133.41501580717392
179.99950755194777
132.8818767855135
170.1774787988254
61.074165917789934
58.37200106548404
55.95848468953757
54.77948668952069
57.449556368839914
166.00278399081446
162.61962555084972
123.04342084336056
95.95136954499472
98.49033884538099
71.42156101847826
48.243682450350136
45.90071855084622
45.380282668345934
43.0472346961742
124.50217484014388
137.84519018648945
164.95430776992518
256.2694996128635
222.58523023329113
242.91648256903196
300.96511542306274
294.43052043753346
325.5529006204562
301.76738832374065
309.15006302463587
347.97704111949747
344.86565932747817
313.91792493187745
279.5223345522424
321.2156202420527
286.7540198872708
297.5189271218792
391.1989177101291
280.2412974134817
389.29030514395816
384.5164658483971
346.1031434171141
371.7761162690546
442.0265073389569
412.9554411770662
437.11946021876855
398.51800437931485
291.0488834945939
325.9004654948916
353.64706878932714
232.5795537269837
352.32259473139953
333.3181455195437
360.71435715555157
342.0231472138102
369.34858410634894
431.32661608767967
363.8283570210997
297.69289463319075
270.83161974043793
241.33490137122294
276.04041346352653
284.8386365370179
387.7947177193988
430.54176968877556
292.5428636894132
252.95765831897745
236.7899475089642
281.4622866351068
309.0044216758313
378.1025181732508
358.94798002819755
382.4051747612857
344.7133910262678
201.31836142063605
184.25598302828382
177.20321621301412
192.3043306920566
172.3662305443905
304.1331632669119
380.16467457494053
373.13745376457
298.2050801548973
139.74078329792732
108.29489163637741
106.21698417372583
123.40187561904204
123.13840567901387
281.38481421456584
258.42281402372396
257.66532305751656
327.4157032106566
145.61083126334043
462.38029576744214
366.2305533903747
314.02104189563977
307.7891131103212
301.9508442639566
393.8799322199097
371.3839317681127
440.5916554816877
342.32825816209163
301.83035713027976
200.0032464879242
141.1448042027635
151.43699834480498
139.34094554808718
196.1111155198299
308.77746266436554
360.93255516664476
368.54239830908057
435.6360944561437
495.76415586897383
422.5012443583937
418.9111363328563
482.61221691980836
361.6880320193284
349.3456309548218
268.94023618279743
309.3145446564423
356.60226407827855
349.3338823620515
342.215671047611
343.9953566669496
344.6983090425026
349.44887076756766
336.571488090754
381.8441641329244
396.67386460753767
419.4669372967445
411.7732824242431
385.96516178848987
378.96350198226327
397.23937297397407
403.87154719252214
379.8040625655475
388.1799841196212
410.57109888604566
415.3138914856213
426.99001857379744
424.84566270093575
452.3500698614693
429.65511051212684
428.4570806102177
459.1308074542144
392.7248775902937
102.38977107045247
-1.7138838267310672e-15
-3.627490300237685e-15
1.4725173798567204e-32
1.7009269643627386e-32
-4.068406157969689e-59
-6.662243475297928e-89
2.626286504693213e-113
3.250184220226922e-66
-6.205721997360971e-81
5.312709622638092e-83
5.015780579022051e-122
8.613581115092026e-100
-3.357014467669699e-148
-4.498999544589324e-117
4.2588766112751475e-215
-6.325520148227973e-133
-9.385948352330135e-149
2.0611673004982984e-149
1.118448074222502e-165
2.356664569997461e-281
2.3723392255539033e-182
-5.075549878449224e-264
1.8115431e-316
5.35372416587211e-200
-6.113971253193449e-306
-5e-324
2.2336885733149944e-230
2.4308800608339992e-232
0.6390762245315137
-0.5897085464856695
-3.412177679030076e-266
0.0
-9.59e-321
-1.3933248424326123e-282
-9.73e-321
1.6474768006980688e-300
-8.834e-321
2.83e-321
-9.34e-322
-4.165e-321
-2.653e-321
-0.9755796469719438
-0.884120719161052
-1.57433574873098
0.8339519469606703
-1.9415650945451495
0.6902018073390241
0.5920077691261152
0.5375130748861275
0.4754475365806083
0.44365522898998977
0.4006725605243067
5.61e-321
9e-321
4.936e-321
-2.5282135463770175
-2.543679431064745
-1.112e-320
-3.794e-321
-1.79e-321
-4.9e-321
6.576e-321
3.86e-321
5.68e-321
0.118482553058475
-4.624e-321
0.08898580206345849
0.08143825577756583
0.00860829064725181
5.55e-321
-7.75e-321
1.833e-321
-8.9e-321
5.835e-321
-8.864e-321
8.453e-321
0.001952586678576964
1.1e-321
-2.3e-322
-4.466e-321
7.475e-321
6.33e-321
-8.814e-321
3.5e-323
0.0
8.94e-322
-2.105e-321
-4.21e-321
-1.08e-321
7.55e-321
0.0
-3.933e-321
-7.544e-321
0.0
6.477e-321
-3.68e-321
6.383e-321
3.454e-321
-4.773e-321
5.7e-322
-8.345e-321
1.853e-321
-3e-323
-3.84e-321
1.137432235682006
-3.503e-321
1.5e-323
0.0
-6.403e-321
-5.56e-321
1.4e-322
-7.16e-322
7.761643639616343
3.890011744795668
-0.9536236227808315
0.0
0.0
0.0
0.0
0.0
0.0
0.0
0.0
0.0
0.0
0.0
0.0
0.0
8.52478941564886e-255
0.0
0.0
0.0
0.0
0.0
0.0
2.204e-321
0.0
0.0
0.0
1.3e-322
1.4941414974932954e-20
-2.231047635404202e-22
1.2807433799913699e-22
-7.851429099937532e-24
3.938252181587141e-24
-1.4727492597980709e-24
3.7577562911351793e-25
-1.8910214325412337e-25
3.8950160326263694e-24
-2.708012649550381e-22
9.101663605534107e-22
-2.9265426918731962e-22
3.2022220434141596e-23
-6.023703200671872e-22
2.952466268843859e-22
-3.653107048098238e-22
1.2261418295606414e-22
-1.0377758381803345e-22
2.7063636055919526e-23
0.019243363833829567
-0.008296177727323183
-0.006258105036651121
1.357498082792197e-22
-1.0728952774570548e-22
6.629071191483146e-21
-5e-324
1.808963305267587e-11
0.0
0.0
0.0
0.0
0.0
0.0
0.0
0.0
0.0
0.0
0.0
0.0
0.0
0.0
0.0
0.0
0.0
0.0
0.0
0.0
0.0
0.0
0.0
0.0
0.0
0.0
0.0
0.0
0.0
0.0
0.0
0.0
0.0
0.0
0.0
0.0
0.0
0.0
0.0
0.0
0.0
0.0
0.0
0.0
0.0
0.0
0.0
0.0
0.0
0.0
0.0
0.0
0.12176059234882759
0.12176059234882759
0.12176059234882759
0.12176059234882759
0.12176059234882759
0.12176059234882759
0.12176059234882759
0.12176059234882759
0.12176059234882759
0.12176059234882759
0.12176059234882759
0.12176059234882759
0.12176059234882759
0.12176059234882759
0.12176059234882759
0.12176059234882759
0.12176059234882759
0.12176059234882759
0.12176059234882759
0.20814479638009042
1.3307163387258523
4.34040590817924
0.8979473193783989
0.21508708862628573
0.2150870884350416
0.21508708861319706
0.21508708872052393
0.21508708810088345
0.21508708862939846
0.21508708810088345
0.21508708810088345
0.21508708787303457
0.21508708857885173
0.21508708836425922
0.21508708795087078
0.2150870884124267
