204.63768115942028
191.15942028985506
222.6086956521739
195.65217391304347
177.68115942028984
119.27536231884055
128.26086956521738
245.07246376811594
356.286181106691
265.78281418649505
342.4470311428016
324.6862710409509
261.31699737484075
278.0810625072387
283.89168127919106
323.7460764658892
271.9339770519465
194.21858403295397
227.91529374536503
260.3869752408185
412.1809043803336
416.6434433699019
380.8164043411456
425.3579979989762
461.7512546040113
412.6361148706584
388.3290312467064
282.506971947694
214.37446020830862
293.8234492950935
374.5206738034247
333.74435588192586
267.2424746304697
246.73100304274803
297.5334486163456
229.36840922906924
246.54011063995216
154.4386721581872
221.98204511512074
182.10418126928062
187.7832490669657
113.98281084725426
131.50962610805666
291.0465969959537
218.11594202898547
114.15764414397115
155.2173913043478
164.2028985507246
191.15942028985506
150.72463768115944
132.75362318840578
110.28985507246375
150.7246376811594
182.17391304347825
222.6086956521739
231.5942028985507
123.76811594202897
110.28985507246374
146.231884057971
132.75362318840578
92.31884057971016
69.85507246376811
47.39130434782608
74.34782608695652
78.84057971014492
110.28985507246375
114.78260869565216
114.78260869565216
74.34782608695653
60.869565217391305
87.82608695652173
83.33333333333331
60.8695652173913
33.91304347826087
17.986075458037277
17.56602154691761
5.4750161957886645
5.843026096622447
3.899622573123319
1.9738437873564072
1.8247675436085602
0.9371992428451876
0.7056081605357443
13.596978343020886
-4.771257696997443
2.439922396991576
0.9906297791317765
12.690185165889314
39.53172071266592
69.87745950240483
70.0245109514697
74.28885491224617
-18.034340758450018
22.359847365171518
7.222999564642086
2.2817500265975648
6.176099268594635
1.3416745133749437
2.153637268188215
1.4657523898603024
0.5802320191234505
0.7044822319052881
0.29362256526395414
0.3188457257715789
0.19096519580440105
0.1469007931885552
0.0
2.2347223965758547e-249
38.405797101449274
65.3623188405797
69.85507246376811
56.37681159420289
65.3623188405797
47.39130434782608
47.39130434782608
38.405797101449274
33.91304347826087
26.77773642312867
20.338267525690025
33.91304347826087
0.0
15.642284755839945
-8.881784197001252e-16
11.449275362318836
-8.657387464316288
-4.347379490660476
-2.404532172338172
-4.466388197606789
-4.680507318069219
-4.964261155323989
-4.839771911104547
6.084225839387246
7.930465518736597
-5.358399629560321
3.6349701256016114
-2.3068188709297277
20.668809238256635
12.805097990372458
39.32329974208287
93.83234006030041
119.27536231884056
83.33333333333331
182.17391304347825
159.71014492753622
128.26086956521738
137.2463768115942
119.27536231884056
78.84057971014492
78.84057971014492
47.39130434782608
20.328089612990265
-3.552713678800501e-15
6.956521739130434
0.0
3.7969586285146146
24.927536231884055
150.7246376811594
381.3422765205628
315.2418075716218
237.4860707402954
400.41963510188276
280.75937067284826
290.0
469.7101449275362
478.695652173913
501.159420289855
487.6811594202899
429.27536231884056
474.2028985507246
469.7101449275362
478.695652173913
366.3768115942029
402.3188405797101
348.4057971014492
316.95652173913044
339.42028985507244
325.94202898550725
285.50724637681157
298.98550724637676
361.8840579710144
384.3478260869565
348.4057971014492
343.9130434782608
258.5507246376811
276.52173913043475
402.3188405797102
474.2028985507246
420.28985507246375
433.76811594202894
420.28985507246375
330.4347826086956
321.4492753623188
298.98550724637676
267.53623188405794
258.5507246376811
195.6521739130435
132.75362318840575
231.5942028985507
245.07246376811594
240.5797101449275
159.7101449275362
110.28985507246375
105.79710144927535
155.2173913043478
114.78260869565216
123.76811594202897
92.31884057971013
60.8695652173913
38.405797101449274
33.91304347826087
24.927536231884055
24.927536231884055
51.884057971014485
24.927536231884055
47.39130434782608
92.31884057971014
60.8695652173913
105.79710144927535
92.31884057971014
47.39130434782608
33.91304347826087
42.89855072463767
56.37681159420289
60.8695652173913
29.420289855072465
0.0
38.405797101449274
92.31884057971013
56.3768115942029
78.84057971014492
78.84057971014492
29.42028985507247
51.884057971014485
60.8695652173913
51.884057971014485
38.40579710144928
2.463768115942031
4.440892098500626e-16
9.860761315262648e-32
29.420289855072458
38.405797101449274
29.42028985507246
24.927536231884055
6.956521739130437
2.4637681159420275
15.942028985507243
24.927536231884055
11.449275362318836
0.0
0.0
11.152069267144661
37.41003499752905
29.42028985507246
29.42028985507246
6.95652173913043
6.956521739130434
0.0
0.0
0.0
0.0
0.0
0.0
0.0
1.8465957235571472e-127
0.0
0.0
0.0
0.0
0.0
0.0
3.8392238435728152e-239
0.0
6.956521739130433
0.0
60.8695652173913
56.37681159420289
65.3623188405797
83.33333333333331
105.79710144927535
83.33333333333331
101.30434782608695
101.30434782608695
87.82608695652173
78.84057971014492
60.95132846353025
51.37147256517673
84.13796589392686
155.2173913043478
155.2173913043478
114.78260869565216
92.31884057971014
83.33333333333331
78.84057971014492
110.28985507246375
123.76811594202897
78.84057971014492
78.84057971014492
263.04347826086956
511.6124684174278
452.75488741565346
487.68115942028976
528.115942028983
388.6770060297463
489.83899054572305
327.6457262420324
394.48411752543524
295.93717972707236
311.1064516858321
307.1103878094272
489.925619532461
422.85960241715827
403.3284269507078
323.6885666669625
313.0152887822772
430.6182144796736
304.9079733388346
374.78939898833954
441.47817891628756
336.10827186088204
388.16136687251185
405.1228343386776
353.2255536690788
388.8405797101449
307.9710144927536
298.98550724637676
334.92753623188406
263.0434782608695
195.65217391304347
177.68115942028984
240.5797101449275
258.5507246376811
339.4202898550725
330.4347826086956
303.4782608695652
339.42028985507244
370.86956521739125
307.97101449275357
312.463768115942
281.0144927536232
240.57971014492753
155.2173913043478
155.2173913043478
137.2463768115942
155.2173913043478
177.68115942028984
155.2173913043478
186.66666666666663
249.56521739130432
236.08695652173913
222.6086956521739
173.18840579710144
123.76811594202897
141.7391304347826
92.31884057971016
105.79710144927535
69.85507246376811
69.85507246376811
60.8695652173913
60.8695652173913
69.85507246376811
51.884057971014485
78.84057971014492
65.36231884057972
101.30434782608697
123.76811594202897
92.31884057971016
128.26086956521738
105.79710144927533
87.82608695652172
74.34782608695652
74.34782608695652
78.84057971014492
74.34782608695652
83.33333333333331
69.85507246376811
65.3623188405797
42.89855072463767
78.84057971014492
83.33333333333331
114.78260869565216
123.76811594202897
105.79710144927535
137.2463768115942
128.26086956521738
110.28985507246375
105.79710144927535
83.19596536687595
88.01713331178037
132.4162787356678
115.03596756707044
101.5505457162862
93.75358618663725
75.71272145029613
92.31884057971014
56.37681159420289
56.37681159420289
65.3623188405797
47.39130434782608
33.913043478260875
56.37681159420289
57.789451810733055
58.30224443417314
38.91960692232539
56.37681159420289
66.59603717607484
69.85507246376811
47.39130434782607
42.89855072463767
56.37681159420289
92.31884057971014
110.28985507246375
132.75362318840578
87.82608695652172
132.75362318840578
123.76811594202897
119.27536231884056
92.31884057971014
155.2173913043478
83.33333333333331
128.26086956521738
173.18840579710144
146.231884057971
105.79710144927535
105.79710144927535
105.79710144927535
137.2463768115942
128.26086956521738
83.33333333333333
56.37681159420289
33.91304347826087
69.01272058638911
51.8738761698421
95.03218734192042
141.85250803117293
129.2963804655023
195.65217391304347
231.5942028985507
200.14492753623188
401.5540667716904
568.6802798652536
610.9391525976393
676.8403986419835
546.0869565217391
528.1159420289854
469.7101449275362
366.3768115942029
388.8405797101449
402.3188405797101
375.3623188405797
352.8985507246377
294.4927536231884
303.4782608695652
285.50724637681157
254.0579710144927
147.60919414565134
119.02715792533172
79.72132523707899
155.2173913043478
325.94202898550725
420.28985507246375
452.36737692262335
484.9010153432658
457.3123413132882
379.83831031663294
349.66780685904894
417.1481541386904
412.23016310055385
416.71874821492815
323.8877829304901
375.3623188405797
316.95652173913044
285.50724637681157
249.56521739130432
173.18840579710144
140.83685977648835
135.4004538267908
131.83314504124684
143.58094160644958
174.21581884352352
152.47532570808255
100.87213270257183
177.68115942028984
159.71014492753622
123.76811594202897
105.79710144927535
74.34782608695652
101.30434782608695
47.39130434782607
38.405797101449274
51.884057971014485
56.37681159420289
24.92753623188405
38.405797101449274
60.869565217391305
33.913043478260875
24.927536231884055
29.42028985507246
38.405797101449274
38.405797101449274
20.434782608695652
11.449275362318836
0.0
0.0
0.0
0.0
24.92753623188406
6.956521739130437
15.942028985507243
33.91304347826087
74.34782608695652
137.2463768115942
169.90998734057615
120.7636329543492
128.26086956521738
182.50384373550716
151.3869606602473
171.8910125188301
123.70358984707569
149.48352573304777
140.62930940475897
169.6693422216749
153.04362956476118
132.8872227100363
126.0675195178437
105.86675838825711
115.88675055365731
64.63974754051651
113.03303639666963
78.16434156678672
116.4818761025169
143.67144522624395
109.68476801003501
164.33097434884115
105.67993414806527
103.86595571088439
89.32962533164704
86.30936506156446
65.65380715797694
108.30037060288817
101.30434782608695
78.69240847125883
88.95453900431205
59.77305700762121
54.372036481012636
28.42652427479655
28.332842701388408
35.0178561933963
39.49438278123267
77.3825936551582
75.44063023466985
68.75488093537336
69.85507246376811
114.19302361834205
133.13012476548036
65.36231884057972
70.77168983371193
101.30434782608695
128.26086956521738
110.28985507246375
128.26086956521738
92.31884057971013
105.79710144927535
138.3718677017817
236.0869565217391
267.53623188405794
360.0111044550906
417.68536793191043
357.39130434782606
307.97101449275357
307.97101449275357
285.50724637681157
245.0724637681159
312.463768115942
325.94202898550725
294.4927536231884
254.05797101449267
231.5942028985507
236.08695652173913
204.63768115942028
182.17391304347825
186.66666666666663
173.18840579710144
272.0289855072464
485.1898588526137
536.215324725388
377.9574193615216
440.51114191668245
367.3831453115485
419.32231810514253
321.4492753623189
393.33333333333326
379.8550724637681
397.82608695652175
348.4057971014492
334.92753623188406
245.07246376811594
272.0289855072464
307.97101449275357
361.88405797101444
348.4057971014492
357.39130434782606
334.92753623188406
361.88405797101444
357.39130434782606
388.8405797101449
370.86956521739125
316.95652173913044
330.4347826086956
276.52173913043475
267.53623188405794
298.9855072463767
258.5507246376811
200.14492753623188
186.66666666666663
150.72463768115938
123.76811594202897
78.84057971014492
51.884057971014485
96.81159420289855
83.33333333333331
56.3768115942029
65.3623188405797
38.40579710144928
69.85507246376811
65.3623188405797
83.33333333333331
119.27536231884056
110.28985507246375
87.82608695652173
56.37681159420289
56.37681159420289
51.884057971014485
51.884057971014485
33.913043478260875
33.91304347826087
2.4637681159420275
0.0
24.92753623188405
29.42028985507246
11.449275362318836
0.0
0.0
0.0
2.4637681159420275
15.942028985507244
2.4637681159420275
0.0
0.0
24.92753623188406
11.449275362318836
33.91304347826087
0.0
2.4637681159420275
6.956521739130434
1.7763568394002505e-15
0.0
0.0
6.956521739130433
20.43478260869565
0.0
0.0
0.0
0.0
0.0
0.0
33.91304347826087
74.34782608695652
92.31884057971014
29.42028985507246
42.89855072463767
65.3623188405797
29.420289855072454
20.43478260869565
0.0
0.0
0.0
6.956521739130435
38.40579710144928
47.39130434782608
42.89855072463767
47.39130434782608
20.43478260869565
19.33372386551316
53.298105979113146
38.05646695364074
31.530925834986526
40.60341511896661
28.863860117691363
29.42028985507246
30.282535499926805
25.880544576196748
7.546479285609717
-3.519250475772213
11.449275362318835
15.942028985507243
0.0
0.0
7.909530083443124
-3.519250475772216
7.87606788528267
34.32499172905766
7.909530083443123
2.2541238622120794
21.30086689115897
-0.3645440157012145
15.41396680999404
-4.500977972731598
34.635238848559744
55.797895252967486
50.88455959560207
24.628475413183665
33.91304347826087
101.30434782608695
83.33333333333331
76.70533665349055
47.02595873943313
47.39130434782608
33.91304347826087
57.148434814582934
33.91304347826086
