12.513763461593555
12.527850484056199
12.384976344617385
12.39924977780334
12.246940885772254
11.397358918274433
11.397358689542596
18.971274713558405
11.919141666732314
13.770491285255172
13.740725855042687
19.096739495848865
12.363932426769768
11.505593784785917
11.314731252450112
6.55990930971287
6.994001841844956
23.078354161863018
102.42756268733976
184.36409377929675
170.0390645996395
19.273721918740428
2.6072220220796396
35.825432110028586
35.41218049723418
28.77127866112046
26.495595290905523
23.577043677257574
8.671777046225305
7.964077067311723
7.801908123166539
7.441384902866987
13.42405142198407
7.497211832407599
0.570667103099362
0.1522000573857247
5.435012443673478e-34
9.503385910258227e-44
5.903023359284187
55.179705598071145
6.757757488735172
6.757757012652946
6.842850984537666
5.90302386264589
6.007602259375431
5.199734108643332
5.105512879478679
11.36589479555813
5.159655734736486
11.622982272452223
4.9352890265398175
4.935288927571045
4.935289645937686
4.978758927528267
4.874085375562703
0.0
0.0
0.0
0.0
0.0
0.0
0.0
0.0
0.0
0.0
55.609756097560975
7.210661136434398
0.0
0.0
0.0
0.0
0.0
0.0
0.0
0.0
-1.4477465154133023e-143
0.0
0.0
0.0
0.0
2.4420211425192447e-223
0.0
0.0
0.0
0.0
0.0
29.18311819688592
-2.5332538091453197e-15
4.199070485797507
40.65817823685693
0.0
0.0
7.337827347810473
7.370856715683179
52.9670579562076
0.0
5.5252902159244115e-31
0.0
10.833512145688395
10.866196328448893
21.186134804506025
21.194925595813476
4.1103964134057245
11.03272672939617
11.06651788121632
4.194386070707505
4.19438613697813
4.1943860657622505
4.364105499953502
3.933646818903022
312.6829268292683
9.701276035999943
9.706315246715782
9.271588308883105
9.27158857161139
24.86901541002966
9.611493352823345
9.65049266882602
9.632737653920834
9.67801685451279
10.14752221236159
10.019129603060739
8.436154949784795
9.177427068388333
9.770444763271165
20.331649020550017
24.351173290198332
30.35440919097187
26.837840205125612
24.304229586307528
22.314415375500815
12.147297943567672
12.147297943567674
12.147297943567672
12.046867527498806
12.046867527498806
12.046867527498806
12.147297943567672
12.14729794356767
12.14729794356767
12.147297943567672
11.305595408895266
12.592061214729796
12.98900047824008
12.98900047824008
13.682448589191777
13.682448589191777
13.682448589191775
13.682448589191775
13.582018173122911
13.58201817312291
13.481587757054044
13.481587757054044
13.481587757054044
13.878527020564325
13.978957436633191
13.978957436633191
13.978957436633191
14.524151123864181
14.524151123864181
14.524151123864181
14.524151123864181
14.524151123864181
14.524151123864181
14.524151123864183
14.524151123864183
14.524151123864183
13.978957436633191
14.127211860353901
14.1272118603539
15.413677666188429
16.55188904830225
16.55188904830225
17.986609277857486
18.087039693926354
18.087039693926354
18.087039693926354
18.087039693926354
18.087039693926354
18.087039693926357
18.087039693926354
18.087039693926354
18.087039693926354
18.087039693926354
18.18747010999522
19.177427068388333
19.177427068388333
20.16738402678145
20.46389287422287
20.860832137733155
20.760401721664287
20.315638450502163
20.315638450502163
20.31563845050216
20.21520803443329
20.659971305595413
21.104734576757533
21.205164992826404
21.205164992826404
21.2051649928264
21.104734576757537
21.00430416068867
20.755619320899097
20.50693448110952
21.200382592061217
21.20038259206122
21.099952175992357
21.20038259206122
21.20038259206122
21.30081300813009
21.30081300813009
17.32545304383184
9.683915036844596
8.443325604797735
11.673740425517726
10.235988234532543
10.165443892188526
2.550718552087832
21.136231312378737
14.677739860673757
26.829108680345605
64.90852903817512
39.05146724394673
17.503955212677976
30.44086954151261
72.1426253753355
123.52053809139261
22.114340376973892
187.82154542411152
189.76358354736448
150.17382922228956
42.01145258682781
56.811029046621215
29.54864032057724
32.90308087031771
169.45535907956327
74.0785998650003
48.56324265541662
32.46795524814083
23.824156376017392
19.724214896966497
17.702534984951757
16.614962601452188
15.979102220072008
14.356403812003514
42.65012451243051
29.89858303643365
22.374250879565423
18.58218893486226
16.48263114821688
15.340381055369004
17.241691431604405
6.831332267258419
7.693868145077077
5.766856155173694
4.302960631065431
3.210882704845512
175.59948313168059
66.85924027636132
31.089836366522196
30.89402814812993
29.3406334840457
36.681013868962225
36.68101386896223
37.52271640363464
37.919655667144916
37.919655667144916
37.91965566714492
37.919655667144916
10.738483287071189
38.067910090865624
38.761358201817316
38.16834050693449
30.3077700103414
42.151355576268955
39.27380379041266
52.54233889060869
47.024895474174045
45.468531914093205
34.02483950447235
48.43528131421428
6.95478227046034
29.003117120796922
25.03052999516448
22.72527518483144
20.507045017713835
17.071376554405663
15.255407246918471
12.563770836476351
12.616594797030606
16.340395450819532
15.465350628788126
40.33775983744698
44.47090984603461
38.31686344932869
35.67929121714094
77.4476786463269
29.133878074671703
24.530853802134622
21.651572578479502
19.185837345457102
17.032767386341096
15.181100577160642
13.62878873960505
12.371150995594784
36.98230511716883
36.38928742228599
36.28885700621713
37.871831659493076
38.613103778096615
38.61310377809662
38.512673362027755
39.20612147297945
39.306551889048315
39.20612147297945
39.20612147297945
39.20612147297945
39.20612147297945
39.20612147297944
39.20612147297944
39.20612147297944
39.30655188904831
38.31659493065519
37.326637972262084
37.326637972262084
37.226207556193216
36.681013868962225
34.80153036824486
32.7737924438068
32.62553802008608
30.253467240554762
28.3739837398374
27.532281205165
27.532281205165
26.69057867049259
26.69057867049259
26.293639406982308
22.931611669057872
22.931611669057872
22.93161166905787
22.931611669057872
22.931611669057872
22.931611669057872
22.931611669057872
22.931611669057872
22.931611669057872
22.93161166905787
21.79340028694405
21.79340028694405
21.79340028694405
6.868277915662706
6.89282231577678
6.375211278600231
5.887832285513591
5.298373065186245
4.75326250151426
4.040281291573717
3.2095046644501632
3.921583196373966
15.804687684903069
14.021444462129232
18.656414046127022
14.057688320476691
4.365161658110884
11.389113772417678
11.705686654183971
13.122611692955989
9.809618747395215
12.856348567713338
17.38763061360592
10.129139323942297
10.093397734927432
9.941919782919019
9.668763683528335
9.60069422768237
38.774816277921
3.1802169108787055
12.274663538832508
8.348819836936443
8.612741498638654
8.476482773309344
8.512018582365487
8.50492420439084
8.505437990362857
8.501276187866452
8.517669746604923
8.441851401898422
11.056653812902054
10.463033483268088
26.651863728506516
5.246966576114714
10.171612758646031
10.863231103254062
7.2772301975987865
7.069237327300749
9.013310048526513
5.524500980450796
20.525460442158703
10.315638450502155
68.53374497531996
273.06770363163514
53.89983246676238
21.78511530988191
9.469055911209283
14.358013251161612
17.1070399515465
13.95754114633197
43.533577102261816
61.098266169619436
10.18541984667082
11.208231168406133
24.46210103711796
51.546472997182214
67.45808911983498
74.92694771665705
57.17876926222049
27.62632445477749
92.52813342388247
56.52905157715388
19.34882043416296
10.577330960389151
10.611259157066343
23.75769583763801
42.00353012127861
14.846372696283456
11.469805957462816
13.03295663009784
14.925867470953293
13.10590999227925
21.033064190874732
34.00052868536566
56.451475633911954
134.97221017570484
191.14501853530606
166.13963247873664
36.542165946240225
-20.901776134789895
15.16643080480035
15.166428286315082
15.166428988584391
15.166427727287266
15.166428649337288
15.166429600088847
15.16642563217385
15.166429238136907
18.96466155297423
18.478175171036682
13.423297329729323
19.043079873777383
33.471082522504204
30.234839846536758
58.51490051670896
92.78531715897242
24.50553860827717
3.9930182534002974
20.801618168829027
19.811771946644612
24.84125132353062
44.50028695699871
37.24614399010693
10.004865332720252
21.529387748039838
16.889883651938398
18.365755256950706
18.36575527773887
64.80305669980032
80.75227087540797
29.97324651406769
43.4758336834447
51.8166146124707
27.57577660169639
14.300177678930705
19.524430403351413
21.332407112126255
21.04243742043399
20.966795721987907
21.473980548182528
19.94211340726871
23.68594404222645
22.807915571836606
18.211295551979468
23.79185454382437
22.914898446692433
18.322301511736782
20.17261894519787
20.172620637002762
20.135257531324072
20.12563932329172
40.041054978949994
39.52441507067262
17.298588635339307
46.24860105042974
51.975487533455805
54.81625095152812
50.49947204198975
49.683164956132046
85.28794711611073
75.60163487452823
64.65218224398983
21.23481219332633
16.929155699156123
15.566732629833444
21.00359745772797
14.462738623238275
14.520629758870752
14.504439248814563
14.190329225395343
14.34765098815473
14.057731158354303
12.125770532013567
12.125776789838138
56.88311888622294
19.422664479015886
12.85475354756947
19.061531630874693
55.92017596190881
70.81776475029068
8.340436245726625
103.56354898168236
94.9008779061208
18.150838612136983
45.97052316903581
5.275147657161742
18.82975530963496
5.884111486182353
11.464285988728465
11.46428623540077
11.525949661229618
17.825765306856333
10.300390091368696
11.603524427694765
11.496395073360752
11.14108633184034
10.605185662769793
18.133334720314373
120.62810262607528
17.381910300168737
17.381909859997624
36.524290570042595
20.95096980479702
18.390710693664015
18.39071120561802
18.390711150435443
18.390711641549405
24.94287832980823
18.71207632637116
18.785460551274944
28.834590455963117
19.12534865019183
19.128611789236455
18.8951773811477
249.98659954771978
160.86838464928186
241.0916740637898
148.87815443399722
31.538053246001073
18.892349543832406
32.39900921969538
28.889791741136882
34.55266930371596
26.631284649184554
31.536699313321765
26.804285801171023
28.79715189630967
32.2110560021351
27.19419776812336
46.83830982596646
28.778104228104777
28.36331985402328
28.032801407198146
33.19519142044962
27.653011154917785
27.684448686321108
30.558438348050814
26.00968340723749
26.00966884108604
26.0096883535435
38.74523361942819
28.615428976567134
27.040304765516908
26.805276545772767
26.805275491534584
26.923462052043057
26.68923254022311
26.689233230745625
28.50943252305131
26.80527802205303
31.265672722894145
27.096908312040533
27.089620791054298
26.59224905330866
26.48258103643248
26.06783543765798
27.438679043872636
32.90018714196833
24.10250856491814
25.517120458650236
17.83145850115575
17.351535554178003
22.74195315323843
22.151041160291836
22.152975545429754
22.15265484318291
22.161146235278927
22.050400310770033
22.050396187394135
29.276362274459288
23.13325378378813
22.44164736844037
22.55830065185146
15.710469744580143
15.671638274154615
15.666020349445551
21.85694040928889
21.74519386505661
15.155836861889657
21.712202716532527
20.741037902818075
14.597095983161031
20.288890703707633
19.113677065835905
18.118880273010383
18.083005078613084
17.494030733789458
17.507457468676684
17.399714011093778
17.39807877487609
17.400625817070036
17.13583181584748
17.075717701987745
17.037085260147727
17.03708514445267
17.037083278320306
17.03708300918388
11.827317902887955
11.726299466439714
11.714465900968264
9.2330765185642
9.235875346004331
9.278686600164113
1.096159081181242e-178
0.0
0.0
0.0
10.3916997337967
8.795451281430375e-07
3.2358351260549417e-07
1.5247109140592527e-06
0.0121510715360548
0.011159298311364464
0.004242395685546355
-8.634314930431932e-285
2.9908300865232425e-05
4.437773420796873e-13
0.022882064180525418
0.019269278618847006
0.015797378666253067
0.014591722349401256
-0.09447136971750937
-0.06489703424503922
0.0344802976624909
0.037898000306588145
0.026589910207014365
0.02855722221348721
0.01583836763763255
0.010175655294809105
0.013226837731402354
0.001795988676023799
0.027789487762327657
0.02527972548891342
0.02273892098900736
0.02034008124111387
2.587278813964611
2.486848397895744
2.3864179818268774
2.137733142037303
2.137733142037303
2.137733142037303
1.7011349654669727
1.233063732852565
1.1281586371474095
1.1281586280444893
1.1281586310282574
1.1281586241355341
1.128158632956973
1.1281586346516708
1.1357013678739942
1.0391301648949836
1.053748440920038
0.8023428750518306
0.8023508133954825
0.802273163994599
0.8025486380856273
0.8017431874777398
0.8053543938992346
0.7974337826512996
-7.928615640817683e-56
1.9864833571037035e-56
-4.977055591593581e-57
1.2469816336696835e-57
-3.124262716578995e-58
7.827701963592084e-59
-1.9611593708961903e-59
4.912538742553603e-60
-1.2240961964679919e-60
0.0
0.0
0.0
0.0
0.0
0.0
0.0
0.0
0.0
0.0
0.0
0.0
0.0
0.0
0.0
