 8938 10001     20   0  801264  37240  10068 S 344.4  0.0  34:33.01 gateway
 9026 10001     20   0 1278272  50088  26364 S 222.2  0.0  24:24.38 faas-netes
 8938 10001     20   0  801264  38628  10068 S 329.0  0.0  34:42.98 gateway
 9026 10001     20   0 1278272  50980  26364 S 255.4  0.0  24:32.12 faas-netes
 8938 10001     20   0  801264  38580  10068 S 344.2  0.0  34:53.41 gateway
 9026 10001     20   0 1278272  50080  26364 S 273.3  0.0  24:40.40 faas-netes
 8938 10001     20   0  801264  39532  10068 S 289.1  0.0  35:02.20 gateway
 9026 10001     20   0 1278272  50888  26364 S 232.2  0.0  24:47.46 faas-netes
 8938 10001     20   0  801264  37080  10068 S 317.1  0.0  35:11.84 gateway
 9026 10001     20   0 1278272  49636  26364 S 271.1  0.0  24:55.70 faas-netes
 8938 10001     20   0  801264  37396  10068 S 348.0  0.0  35:22.42 gateway
 9026 10001     20   0 1278272  48960  26364 S 284.5  0.0  25:04.35 faas-netes
 8938 10001     20   0  801264  38032  10068 S 341.3  0.0  35:32.76 gateway
 9026 10001     20   0 1278272  48636  26364 S 273.3  0.0  25:12.63 faas-netes
 8938 10001     20   0  801264  36832  10068 S 334.2  0.0  35:42.92 gateway
 9026 10001     20   0 1278272  50708  26364 S 276.6  0.0  25:21.04 faas-netes
 8938 10001     20   0  801264  36808  10068 S 214.9  0.0  35:49.43 gateway
 9026 10001     20   0 1278272  50912  26364 S 175.2  0.0  25:26.35 faas-netes
 8938 10001     20   0  801264  37204  10068 S 294.4  0.0  35:58.38 gateway
 9026 10001     20   0 1278272  50544  26364 S 245.4  0.0  25:33.81 faas-netes
