 9026 10001     20   0 1278272  49976  26364 S  11.1  0.0  27:07.25 faas-netes
 8938 10001     20   0  801264  36948  10068 S   0.0  0.0  38:03.72 gateway
 8938 10001     20   0  801264  36132  10068 S 224.8  0.0  38:10.53 gateway
 9026 10001     20   0 1278272  49880  26364 S 165.7  0.0  27:12.27 faas-netes
 8938 10001     20   0  801264  35176  10068 S 349.7  0.0  38:21.16 gateway
 9026 10001     20   0 1278272  49832  26364 S 260.5  0.0  27:20.19 faas-netes
 8938 10001     20   0  801264  36516  10068 S 353.0  0.0  38:31.89 gateway
 9026 10001     20   0 1278272  50216  26364 S 271.1  0.0  27:28.43 faas-netes
 8938 10001     20   0  801264  37624  10068 S 248.2  0.0  38:39.41 gateway
 9026 10001     20   0 1278272  48992  26364 S 192.1  0.0  27:34.25 faas-netes
 8938 10001     20   0  801264  37784  10068 S 305.6  0.0  38:48.70 gateway
 9026 10001     20   0 1278272  48616  26364 S 245.4  0.0  27:41.71 faas-netes
 8938 10001     20   0  801264  38228  10068 S 371.1  0.0  38:59.98 gateway
 9026 10001     20   0 1278272  49348  26364 S 280.3  0.0  27:50.23 faas-netes
 8938 10001     20   0  801264  37428  10068 S 246.2  0.0  39:07.44 gateway
 9026 10001     20   0 1278272  50944  26364 S 208.3  0.0  27:56.54 faas-netes
 8938 10001     20   0  801264  36748  10068 S 355.3  0.0  39:18.24 gateway
 9026 10001     20   0 1278272  50520  26364 S 271.1  0.0  28:04.78 faas-netes
 8938 10001     20   0  801264  36536  10068 S 356.9  0.0  39:29.09 gateway
 9026 10001     20   0 1278272  50232  26364 S 266.8  0.0  28:12.89 faas-netes
