 8938 10001     20   0  801264  38732  10068 S 355.6  0.0  41:09.93 gateway
 9026 10001     20   0 1278272  49820  26364 S 277.8  0.0  29:26.39 faas-netes
 8938 10001     20   0  801264  38072  10068 S 305.6  0.0  41:19.22 gateway
 9026 10001     20   0 1278272  50640  26364 S 223.7  0.0  29:33.19 faas-netes
 8938 10001     20   0  801264  38268  10068 R 298.0  0.0  41:28.28 gateway
 9026 10001     20   0 1278272  51060  26364 S 225.7  0.0  29:40.05 faas-netes
 8938 10001     20   0  801264  36612  10068 S 273.3  0.0  41:36.56 gateway
 9026 10001     20   0 1278272  51576  26364 S 200.7  0.0  29:46.13 faas-netes
 8938 10001     20   0  801264  36284  10068 S 285.2  0.0  41:45.23 gateway
 9026 10001     20   0 1278272  51480  26364 S 213.8  0.0  29:52.63 faas-netes
 8938 10001     20   0  801264  39384  10068 S 194.4  0.0  41:51.16 gateway
 9026 10001     20   0 1278272  50936  26364 S 139.7  0.0  29:56.89 faas-netes
 8938 10001     20   0  801264  38156  10068 S 322.4  0.0  42:00.96 gateway
 9026 10001     20   0 1278272  50832  26364 S 230.3  0.0  30:03.89 faas-netes
 8938 10001     20   0  801264  38900  10068 S 346.9  0.0  42:11.47 gateway
 9026 10001     20   0 1278272  49432  26364 S 261.1  0.0  30:11.80 faas-netes
 8938 10001     20   0  801264  38956  10068 S 298.7  0.0  42:20.55 gateway
 9026 10001     20   0 1278272  50636  26364 S 229.6  0.0  30:18.78 faas-netes
 8938 10001     20   0  801264  37232  10068 S 351.5  0.0  42:31.20 gateway
 9026 10001     20   0 1278272  51368  26364 S 250.8  0.0  30:26.38 faas-netes
