 8938 10001     20   0  801264  37140  10068 S 383.3  0.0  44:09.51 gateway
 9026 10001     20   0 1278272  49484  26364 S 233.3  0.0  31:37.23 faas-netes
 8938 10001     20   0  801264  37900  10068 S 347.4  0.0  44:20.07 gateway
 9026 10001     20   0 1278272  51036  26364 S 249.7  0.0  31:44.82 faas-netes
 8938 10001     20   0  801264  36300  10068 R 344.1  0.0  44:30.53 gateway
 9026 10001     20   0 1278272  51264  26364 S 259.2  0.0  31:52.70 faas-netes
 8938 10001     20   0  801264  38864  10068 S 346.4  0.0  44:41.06 gateway
 9026 10001     20   0 1278272  50928  26364 S 260.2  0.0  32:00.61 faas-netes
 8938 10001     20   0  801264  37804  10068 S 346.9  0.0  44:51.57 gateway
 9026 10001     20   0 1278272  49420  26364 S 264.4  0.0  32:08.62 faas-netes
 8938 10001     20   0  801264  36624  10068 S 345.7  0.0  45:02.08 gateway
 9026 10001     20   0 1278272  51556  26364 S 259.9  0.0  32:16.52 faas-netes
 8938 10001     20   0  801264  37860  10068 S 334.2  0.0  45:12.24 gateway
 9026 10001     20   0 1278272  50768  26364 S 254.6  0.0  32:24.26 faas-netes
 8938 10001     20   0  801264  37968  10068 S 345.5  0.0  45:22.71 gateway
 9026 10001     20   0 1278272  51308  26364 S 258.1  0.0  32:32.08 faas-netes
 8938 10001     20   0  801264  38356  10068 S 271.7  0.0  45:30.97 gateway
 9026 10001     20   0 1278272  51072  26364 S 214.8  0.0  32:38.61 faas-netes
 8938 10001     20   0  801264  38752  10068 S 334.5  0.0  45:41.14 gateway
 9026 10001     20   0 1278272  50236  26364 S 252.6  0.0  32:46.29 faas-netes
