 8938 10001     20   0  801264  36920  10068 S 394.4  0.0  47:13.70 gateway
 9026 10001     20   0 1278272  49816  26364 S 283.3  0.0  33:55.72 faas-netes
 8938 10001     20   0  801264  36352  10068 S 345.4  0.0  47:24.20 gateway
 9026 10001     20   0 1278272  49992  26364 S 268.8  0.0  34:03.89 faas-netes
 8938 10001     20   0  801264  34592  10068 S 337.0  0.0  47:34.41 gateway
 9026 10001     20   0 1278272  50048  26364 S 265.3  0.0  34:11.93 faas-netes
 8938 10001     20   0  801264  37360  10068 S 354.9  0.0  47:45.20 gateway
 9026 10001     20   0 1278272  49988  26364 S 265.1  0.0  34:19.99 faas-netes
 8938 10001     20   0  801264  37744  10068 S 298.4  0.0  47:54.27 gateway
 9026 10001     20   0 1278272  51328  26364 S 221.7  0.0  34:26.73 faas-netes
 8938 10001     20   0  801264  36216  10068 S 337.3  0.0  48:04.49 gateway
 9026 10001     20   0 1278272  49124  26364 S 253.1  0.0  34:34.40 faas-netes
 8938 10001     20   0  801264  37092  10068 R 346.7  0.0  48:15.03 gateway
 9026 10001     20   0 1278272  50132  26364 S 272.7  0.0  34:42.69 faas-netes
 8938 10001     20   0  801264  37860  10068 S 338.9  0.0  48:25.30 gateway
 9026 10001     20   0 1278272  50396  26364 S 271.3  0.0  34:50.91 faas-netes
 8938 10001     20   0  801264  35540  10068 S 281.9  0.0  48:33.87 gateway
 9026 10001     20   0 1278272  50284  26364 S 210.5  0.0  34:57.31 faas-netes
 8938 10001     20   0  801264  37916  10068 S 349.7  0.0  48:44.50 gateway
 9026 10001     20   0 1278272  50320  26364 S 245.4  0.0  35:04.77 faas-netes
