 8938 10001     20   0  801264  38440  10068 S 366.7  0.0  50:03.17 gateway
 9026 10001     20   0 1278272  50096  26364 S 238.9  0.0  36:02.35 faas-netes
 8938 10001     20   0  801264  38932  10068 S 322.8  0.0  50:12.95 gateway
 9026 10001     20   0 1278272  49580  26364 S 246.9  0.0  36:09.83 faas-netes
 8938 10001     20   0  801264  38760  10068 S 248.0  0.0  50:20.49 gateway
 9026 10001     20   0 1278272  50480  26364 S 178.3  0.0  36:15.25 faas-netes
 8938 10001     20   0  801264  39464  10068 S 298.4  0.0  50:29.56 gateway
 9026 10001     20   0 1278272  49144  26364 S 229.6  0.0  36:22.23 faas-netes
 8938 10001     20   0  801264  36668  10068 S 278.0  0.0  50:38.01 gateway
 9026 10001     20   0 1278272  52104  26364 S 209.5  0.0  36:28.60 faas-netes
 8938 10001     20   0  801264  37936  10068 S 360.1  0.0  50:48.92 gateway
 9026 10001     20   0 1278272  51740  26364 S 258.7  0.0  36:36.44 faas-netes
 8938 10001     20   0  801264  37036  10068 S 366.1  0.0  51:00.05 gateway
 9026 10001     20   0 1278272  50424  26364 S 252.3  0.0  36:44.11 faas-netes
 8938 10001     20   0  801264  38792  10068 S 303.9  0.0  51:09.29 gateway
 9026 10001     20   0 1278272  51956  26428 S 228.0  0.0  36:51.04 faas-netes
 8938 10001     20   0  801264  39800  10068 S 188.5  0.0  51:15.02 gateway
 9026 10001     20   0 1278272  51220  26428 S 138.5  0.0  36:55.25 faas-netes
 8938 10001     20   0  801264  39444  10068 S 275.7  0.0  51:23.40 gateway
 9026 10001     20   0 1278272  50736  26428 S 195.7  0.0  37:01.20 faas-netes
